0.000000000000000000e+00 5.568258954862581156e+00
2.500000000000000000e-01 4.674567812884024676e+01
5.000000000000000000e-01 1.891739540733019567e+02
7.500000000000000000e-01 2.811486528424649123e+02
1.000000000000000000e+00 2.326741444697357224e+02
1.250000000000000000e+00 1.539071990129047265e+02
1.500000000000000000e+00 1.337084559543750117e+02
1.750000000000000000e+00 1.156979765639861881e+02
2.000000000000000000e+00 4.406652829289704698e+01
2.250000000000000000e+00 3.474757134488771726e+01
2.500000000000000000e+00 2.421851070600265743e+01
2.750000000000000000e+00 2.830003028962250511e+01
3.000000000000000000e+00 3.828672038508904052e+01
3.250000000000000000e+00 3.661471145491996992e+01
3.500000000000000000e+00 2.774364207077281463e+01
3.750000000000000000e+00 1.280520528624916743e+01
4.000000000000000000e+00 9.313616080444402812e+00
4.250000000000000000e+00 1.053367014979873595e+01
4.500000000000000000e+00 1.070963751748961101e+01
4.750000000000000000e+00 1.162883248773862555e+01
5.000000000000000000e+00 1.218518402478386520e+01
5.250000000000000000e+00 9.416083387992074449e+00
5.500000000000000000e+00 9.263647011185865310e+00
5.750000000000000000e+00 7.939566742335566474e+00
6.000000000000000000e+00 8.914517787439454111e+00
6.250000000000000000e+00 6.490167921958035713e+00
6.500000000000000000e+00 1.040417695934101339e+01
6.750000000000000000e+00 1.041158337010224422e+01
7.000000000000000000e+00 5.861120648819701628e+00
7.250000000000000000e+00 4.625290510815184497e+00
7.500000000000000000e+00 4.619199152027294808e+00
7.750000000000000000e+00 4.434502472630361680e+00
8.000000000000000000e+00 6.862102153810929472e+00
8.250000000000000000e+00 5.770296090416228374e+00
8.500000000000000000e+00 2.757292710075366582e+00
8.750000000000000000e+00 2.930454737807143495e+00
9.000000000000000000e+00 2.929832947226606255e+00
9.250000000000000000e+00 2.485478705039753322e+00
9.500000000000000000e+00 3.222846338445858994e+00
9.750000000000000000e+00 3.436422384454501877e+00
1.000000000000000000e+01 4.341112315818985046e+00
1.025000000000000000e+01 4.632424407283841639e+00
1.050000000000000000e+01 2.549693096605363696e+00
1.075000000000000000e+01 2.891491670891001231e+00
1.100000000000000000e+01 3.349566870818794673e+00
1.125000000000000000e+01 2.033234022874517599e+00
1.150000000000000000e+01 2.041427448531057731e+00
1.175000000000000000e+01 4.073213744750602494e+00
1.200000000000000000e+01 4.369938263016311275e+00
1.225000000000000000e+01 2.913593481087783488e+00
1.250000000000000000e+01 2.935219170691310886e+00
1.275000000000000000e+01 2.568855621019388469e+00
1.300000000000000000e+01 1.633749102097317829e+00
1.325000000000000000e+01 2.527174677075188391e+00
1.350000000000000000e+01 1.909129018215895313e+00
1.375000000000000000e+01 1.748937974110744031e+00
1.400000000000000000e+01 1.526209297016854594e+00
1.425000000000000000e+01 1.152775146284671592e+00
1.450000000000000000e+01 9.959084016015294916e-01
1.475000000000000000e+01 6.302880870084436316e-01
1.500000000000000000e+01 3.877709494121397427e-01
1.525000000000000000e+01 2.696290311487964386e-01
1.550000000000000000e+01 3.091159394774632974e-01
1.575000000000000000e+01 3.161312814456396225e-01
1.600000000000000000e+01 3.113861480252720360e-01
1.625000000000000000e+01 3.248719404496142049e-01
1.650000000000000000e+01 2.128280418402317409e-01
1.675000000000000000e+01 1.640901848877132918e-01
1.700000000000000000e+01 2.861732904066940919e-01
1.725000000000000000e+01 2.652477294163935184e-01
1.750000000000000000e+01 1.856718236017532997e-01
1.775000000000000000e+01 1.757627189836980797e-01
1.800000000000000000e+01 1.701522522854088115e-01
1.825000000000000000e+01 1.280623175717235385e-01
1.850000000000000000e+01 8.794786905402270094e-02
1.875000000000000000e+01 1.297427857659955441e-01
1.900000000000000000e+01 1.275385649747247385e-01
1.925000000000000000e+01 1.294554878674187282e-01
1.950000000000000000e+01 1.391759714477735776e-01
1.975000000000000000e+01 9.395323686603072877e-02
2.000000000000000000e+01 1.025278234919248105e-01
2.025000000000000000e+01 8.318828358304850012e-02
2.050000000000000000e+01 1.086082030185868824e-01
2.075000000000000000e+01 1.066297378763608611e-01
2.100000000000000000e+01 1.172723029255342553e-01
2.125000000000000000e+01 9.823635086032654617e-02
2.150000000000000000e+01 1.092963729154235869e-01
2.175000000000000000e+01 1.403873786307583971e-01
2.200000000000000000e+01 2.064847939699209767e-01
2.225000000000000000e+01 1.472698774164921676e-01
2.250000000000000000e+01 1.250188226115745704e-01
2.275000000000000000e+01 1.086159464103828437e-01
2.300000000000000000e+01 1.437236149427160437e-01
2.325000000000000000e+01 9.911061711859450729e-02
2.350000000000000000e+01 7.770975239937762125e-02
2.375000000000000000e+01 5.814744853036470790e-02
2.400000000000000000e+01 8.837715337966446649e-02
2.425000000000000000e+01 9.225194532170628847e-02
2.450000000000000000e+01 7.843144347271994998e-02
2.475000000000000000e+01 7.097799008966183820e-02
2.500000000000000000e+01 9.901041433560493765e-02
2.525000000000000000e+01 6.989333549103395049e-02
2.550000000000000000e+01 7.867850057387319740e-02
2.575000000000000000e+01 7.319703289376956745e-02
2.600000000000000000e+01 1.671658443690831053e-01
2.625000000000000000e+01 8.958478109753584273e-02
2.650000000000000000e+01 7.073719914270401588e-02
2.675000000000000000e+01 1.116468511799148661e-01
2.700000000000000000e+01 2.668055253935268101e-01
2.725000000000000000e+01 1.101574378575761320e-01
2.750000000000000000e+01 3.337282385400116430e-02
2.775000000000000000e+01 4.063193696754650169e-02
2.800000000000000000e+01 6.326508917315720737e-02
2.825000000000000000e+01 3.278600670094601599e-02
2.850000000000000000e+01 2.182767363823413104e-02
2.875000000000000000e+01 1.688537373800402114e-02
2.900000000000000000e+01 1.982582473831826300e-02
2.925000000000000000e+01 1.805214318271955096e-02
2.950000000000000000e+01 1.397179543973811090e-02
2.975000000000000000e+01 9.921764127976817962e-03
3.000000000000000000e+01 1.295684256695998036e-02
3.025000000000000000e+01 1.445596688520103291e-02
3.050000000000000000e+01 1.426087212991987603e-02
3.075000000000000000e+01 1.380640832847606324e-02
3.100000000000000000e+01 1.079638361561464574e-02
3.125000000000000000e+01 7.406717017334950477e-03
3.150000000000000000e+01 7.095494972613043856e-03
3.175000000000000000e+01 1.315075597353034496e-02
3.200000000000000000e+01 1.515825546869775317e-02
3.225000000000000000e+01 5.740863081167077962e-03
3.250000000000000000e+01 3.275912362530685341e-03
3.275000000000000000e+01 4.790439469327874809e-03
3.300000000000000000e+01 6.996812511338735066e-03
3.325000000000000000e+01 8.554537967257653391e-03
3.350000000000000000e+01 7.249842063910057199e-03
3.375000000000000000e+01 8.690318336458707077e-03
3.400000000000000000e+01 1.306005063443100266e-02
3.425000000000000000e+01 7.795815555358298621e-03
3.450000000000000000e+01 3.060469659543471176e-03
3.475000000000000000e+01 5.402048109994755931e-03
3.500000000000000000e+01 9.096528639755508544e-03
3.525000000000000000e+01 1.140653499450204784e-02
3.550000000000000000e+01 1.105600449852391261e-02
3.575000000000000000e+01 9.092820849617199233e-03
3.600000000000000000e+01 9.043954529932710443e-03
3.625000000000000000e+01 4.815929029741755976e-03
3.650000000000000000e+01 4.232888634543226745e-03
3.675000000000000000e+01 5.053902599780712816e-03
3.700000000000000000e+01 4.169148539217105119e-03
3.725000000000000000e+01 4.485663534082927166e-03
3.750000000000000000e+01 4.712748447842801149e-03
3.775000000000000000e+01 6.365246036181832455e-03
3.800000000000000000e+01 1.376217706088115819e-02
3.825000000000000000e+01 6.382241083078867873e-03
3.850000000000000000e+01 2.779101099289822425e-03
3.875000000000000000e+01 6.825783425449330477e-03
3.900000000000000000e+01 1.692031220310076522e-02
3.925000000000000000e+01 7.357330430006431103e-03
3.950000000000000000e+01 4.129585505464558083e-03
3.975000000000000000e+01 2.139632549774900944e-02
4.000000000000000000e+01 5.668063331421595991e-02
4.025000000000000000e+01 1.528746313128623822e-02
4.050000000000000000e+01 4.618004987743234632e-03
4.075000000000000000e+01 8.090915146703920452e-03
4.100000000000000000e+01 1.516156385236840098e-02
4.125000000000000000e+01 6.814071248942816551e-03
4.150000000000000000e+01 3.736223739135673128e-03
4.175000000000000000e+01 5.332709133542158815e-03
4.200000000000000000e+01 6.730024396174079902e-03
4.225000000000000000e+01 2.741694559325227876e-03
4.250000000000000000e+01 1.254848936292826287e-03
4.275000000000000000e+01 1.264058204242766341e-03
4.300000000000000000e+01 1.689018385811930393e-03
4.325000000000000000e+01 1.374211446396763053e-03
4.350000000000000000e+01 1.134510486799672219e-03
4.375000000000000000e+01 7.982496116778922636e-04
4.400000000000000000e+01 7.557058949895511819e-04
4.425000000000000000e+01 4.663694949398534311e-04
4.450000000000000000e+01 6.704137042128155768e-04
4.475000000000000000e+01 8.266436144530727934e-04
4.500000000000000000e+01 1.004754193129167236e-03
4.525000000000000000e+01 8.419702376764758760e-04
4.550000000000000000e+01 6.161132112700435075e-04
4.575000000000000000e+01 7.466634812861480371e-04
4.600000000000000000e+01 5.173744505622446558e-04
4.625000000000000000e+01 4.788850542857163504e-04
4.650000000000000000e+01 5.095014435048152157e-04
4.675000000000000000e+01 4.709004960436180272e-04
4.700000000000000000e+01 7.196755776581072444e-04
4.725000000000000000e+01 6.319788610578417265e-04
4.750000000000000000e+01 2.460517462900330327e-04
4.775000000000000000e+01 1.511088851287545017e-04
4.800000000000000000e+01 6.365324358489642977e-05
4.825000000000000000e+01 2.659834646399136189e-05
4.850000000000000000e+01 2.751961490553611519e-05
4.875000000000000000e+01 3.834503130205919733e-05
4.900000000000000000e+01 3.694593398645005573e-05
4.925000000000000000e+01 2.448978894489903680e-05
4.950000000000000000e+01 3.394577909152316902e-05
4.975000000000000000e+01 4.357807587301102119e-05
5.000000000000000000e+01 5.710906800138232142e-05
